.Random.seed <-
c(403L, 40L, 1323352607L, 794305141L, 388787980L, -830913822L, 
-499787843L, 347271223L, -1899906338L, -1797503464L, 2103191931L, 
1677041945L, -2102522456L, 440004950L, 1821921745L, 540217731L, 
207712274L, -751393884L, 1995838311L, 274409661L, 1071632436L, 
1299260314L, -1426542619L, -195527809L, 392784646L, -18365296L, 
580195635L, 80851665L, -63031168L, -859217570L, -692726103L, 
2091024731L, 641682282L, 953393676L, 460726863L, -1642279163L, 
-2001434692L, -1124326766L, -334378611L, 46952903L, 1682002606L, 
-1474200824L, 401713419L, 817264617L, 1031868600L, 709859174L, 
1003090945L, 1820721811L, 409101634L, -1584354572L, -954263817L, 
363460333L, -637206140L, 881528746L, -1373874923L, 1569578927L, 
-25038922L, -1339583008L, -973148893L, 1668923969L, 1356639536L, 
1669244750L, -2005291591L, 647073739L, 62637178L, -488483460L, 
1806183871L, 247138965L, 161675436L, -2076048766L, 2055309917L, 
398540119L, 1443201086L, 294327416L, -1664417957L, -429897031L, 
-413776120L, -22561354L, 150348529L, 94479651L, -88047758L, -1226453564L, 
-882436729L, -291547299L, -1781450412L, 1614592890L, -769639739L, 
-699732961L, 2093398950L, 671989040L, -1142030381L, -1248367119L, 
1056807712L, -517614146L, 329346505L, -2074447493L, 770062154L, 
-420878420L, -676778321L, -273666971L, 514546716L, -416632206L, 
-1780923155L, -442376921L, -1775761074L, -1371592280L, 995126699L, 
-1952454967L, -1300726056L, 412738438L, -2109049247L, 1087205363L, 
-1231289758L, 87078100L, -459926057L, 1259904973L, 2056412004L, 
2034368330L, -277207371L, -1768604145L, -855609578L, 714291648L, 
-682980989L, -845369439L, 1426980752L, 1130357870L, 1470321177L, 
118495915L, 2143641242L, -1490290084L, 2027374431L, -512190155L, 
1805826252L, 988152354L, 2111872125L, -1833122441L, -426415458L, 
246081880L, 867537083L, 2116636249L, 702356968L, -1998641130L, 
-1007529071L, -1490133949L, -1471392942L, 991885284L, 1628554791L, 
1208254077L, 2033876852L, 1077826394L, -1486453339L, 2131075519L, 
-114243002L, -1978332976L, 285483763L, -919129071L, -1763990976L, 
-1522354658L, -744267543L, 1818059291L, -1138441686L, -530954932L, 
-2035185905L, 539109957L, -923034628L, -1442618798L, -1663352883L, 
1015396743L, -1970131858L, -763931576L, -744788405L, 1148994473L, 
883477240L, 444784166L, 398448449L, -189555501L, -636157822L, 
792641204L, -1358906825L, -192020179L, 1412616772L, -1078210710L, 
1307835349L, -218366609L, -1740969866L, 1437123488L, 1365144675L, 
1783783681L, 971287664L, -1596471282L, -282331015L, -1436026869L, 
181147962L, 1048414268L, -1644994689L, -9104171L, -1309579028L, 
-907107774L, -1806293603L, 1061371927L, 1039857022L, -1132246216L, 
374535195L, 544550265L, 1700117448L, -1588287498L, 1293118001L, 
1446575203L, -516520910L, -1018674812L, 1741694919L, 705079965L, 
-1721116140L, -227780422L, -705190651L, 635530975L, -1735675034L, 
1610519280L, 490697235L, 1251515313L, 833488480L, -710867970L, 
-1535272055L, 2146282683L, 30623882L, -687056020L, 2088517871L, 
-2090595547L, 2064954844L, -1786784952L, 1198582458L, -1920037104L, 
-398894868L, 126415956L, 1034278674L, 1818571680L, -710631476L, 
-822170784L, 1649836226L, 563316264L, 372905388L, -1020661956L, 
640188274L, -488451280L, -1923694044L, -1235275720L, 1580862682L, 
-1310916208L, 1456469756L, 1308430228L, -1633303742L, -1985644032L, 
-396303812L, -163506608L, 1179169442L, 1019788104L, -520619508L, 
954920156L, 829272658L, -1195661184L, 1176402772L, -1706683928L, 
-1720046854L, 1554978640L, -304430036L, 696587636L, 1143701138L, 
-278234528L, -982887796L, -1321800864L, 725316322L, -1699727192L, 
872345804L, -566435332L, 1898217394L, -101501456L, -1516540476L, 
1135368024L, 429554554L, 840809904L, 333889980L, 57655380L, 816411586L, 
1208337184L, -1544161348L, 740635216L, 1725001186L, -2122911384L, 
2122280268L, 180601084L, 126305010L, -1370206464L, -1271529868L, 
-607404024L, 1922798010L, -1182339120L, -525661716L, -869693548L, 
1571369682L, -1565647264L, 1375814988L, 1758782752L, -1978283390L, 
1871403496L, -292356116L, -526375364L, 162268786L, 1481583472L, 
-1045771996L, 1074389560L, -1703356006L, 1655568848L, 762488252L, 
919353492L, -1987554174L, -282802752L, 290310972L, 1984720016L, 
-263480542L, -2034731512L, -1751874292L, -1755220580L, -1231942126L, 
-1400775808L, -1308183788L, 822980904L, -2062433222L, -2089743408L, 
-1634190740L, 3109428L, -1089996142L, 568739168L, -484607668L, 
-249395232L, -508070494L, 1310045608L, 228759180L, 567999932L, 
556109426L, 870683632L, 1671867972L, 495071320L, 886159418L, 
-1870045072L, 1237989436L, 922165524L, -1166613822L, 896788192L, 
539908220L, 387708624L, -1583515230L, -1487091672L, 178703116L, 
-570488388L, 1902138162L, -1282581824L, -441766860L, -2086072632L, 
-61975366L, -934553968L, 1195990764L, -853939628L, -1240362350L, 
2075580704L, 106283468L, -1152769312L, 240873666L, -1483690968L, 
-323954772L, 127720124L, -1829868558L, 1949660720L, 1297350564L, 
-1790726728L, 1109403482L, -1325690736L, 1248631676L, 1056178452L, 
999405890L, 685875456L, -2011157060L, -1796349616L, -808158942L, 
334527048L, -657993716L, 985167452L, 1237797330L, 962278912L, 
-22907564L, 150899944L, 604594426L, 1170646736L, -553063636L, 
476442868L, 655104402L, 2045893984L, -1099199476L, 253459680L, 
1164100194L, -1636809560L, 1442593868L, -1305225348L, -794019534L, 
767095408L, 1877046084L, 1754600408L, -473226374L, -901019600L, 
-696979524L, -1264229804L, -1373335486L, 630255264L, 440074940L, 
-211104816L, 1629437282L, -1209327896L, -287949620L, 1944293884L, 
-709501454L, -18111360L, 566028788L, 627153544L, -893498566L, 
793783632L, -1340232596L, 1087776148L, 117719122L, -925762080L, 
-575400756L, -2039382368L, 1670148482L, -918669080L, -1623147796L, 
-1934342852L, 1504432242L, 638980720L, -1779291612L, -393750472L, 
980494618L, 76039376L, -2042590916L, 1827832724L, 1412478850L, 
670223296L, 121349692L, -1974312560L, 1586796578L, -976820984L, 
-1682188148L, 2037231388L, 894014610L, -866126464L, -1488703468L, 
-1482696920L, -1392048582L, -1744367152L, -370263658L, -891550813L, 
-192940187L, 281120386L, 1323453424L, -1854427751L, 1789649803L, 
1224068732L, -1557855062L, -335726881L, 20270185L, -1490753922L, 
-1117712788L, -1975668035L, -1478119545L, 1901419376L, -1832326642L, 
-1697200325L, -1263903715L, -1037806390L, 877170664L, 1777818833L, 
-1471268669L, 803409860L, -801305486L, -1483299513L, 1834277137L, 
342690966L, 152281588L, -1831808123L, -393872689L, -1586354232L, 
-1722675610L, 473424019L, 2033852405L, 1186937298L, 303555104L, 
-5202935L, -771710661L, 728933516L, -2085129958L, -1826019441L, 
-1621706535L, -998385810L, -305410308L, -1317049235L, -743294953L, 
220201440L, 1334865342L, -695463029L, 1841710093L, -495131590L, 
1195336824L, -659263455L, 330488531L, 1830377972L, 2046067330L, 
-261185769L, -416262687L, -2046661850L, 914605604L, -654737195L, 
-839032705L, 2019439896L, -227644362L, -1002753341L, -4497659L, 
1804980898L, -2001370992L, -521056199L, -1556651797L, -622095908L, 
1566914570L, 936265471L, 475338569L, 1446931678L, -896437620L, 
-807831971L, 54467687L, 2048733584L, 306975150L, 562611291L, 
1839617085L, -429499734L, 911124296L, 2048183153L, -1591784221L, 
-1132207132L, 109835026L, 2067103463L, -426342223L, 1775659766L, 
-873861868L, 1312010789L, -1167163601L, 117227752L, 327098822L, 
1678856307L, -1350141227L, 1148668082L, 1734253696L, 1744830569L, 
851508443L, 1027207212L, -2042957766L, 741854959L, 1796178297L, 
-338571762L, 1756999644L, -633673651L, 704998327L, -1532529344L, 
1851995166L, -1854606613L, -140830099L, -455161126L, 448811672L, 
1336930561L, 1496807091L, -945282604L, 890376418L, 274344311L, 
-1145194303L, -1753070522L, -876606588L, -1381925579L, -841946337L, 
1481465464L, -166739114L, 1508329955L, -125460571L, -2040742334L, 
-803650512L, 533960793L, 745035211L, -401295812L, -1221900182L, 
-777612641L, -1112105175L, 563512254L, 1751511724L, 846938109L, 
2028611399L, -483063760L, -780484274L, -497931909L, -1324888355L, 
